# Smooth fit to NILC NOISE_PICO91_B_reso8acm B-map noise spectrum (transfer function is 8 amin times nside 2048 pixwin) 
#  This was calculated on 50% of the sky
0.000000000000000000e+00
0.000000000000000000e+00
4.212743735501476815e-06
2.865459375234837390e-06
2.191237819125501856e-06
1.786245367299549892e-06
1.515870786465673171e-06
1.322423548070455471e-06
1.177058387837187518e-06
1.063750158945475881e-06
9.728837733030839945e-07
8.983405384876798832e-07
8.360413262177086497e-07
7.831621246059401679e-07
7.376857823043528434e-07
6.981330549910642090e-07
6.633945094246625733e-07
6.326217554793616965e-07
6.051549341684403832e-07
5.804731041865910277e-07
5.581595124895686255e-07
5.378767875653643575e-07
5.193488981768809947e-07
5.023478185195593898e-07
4.866835270896002010e-07
4.721964058238126394e-07
4.587513932841112344e-07
4.462334371343499802e-07
4.345439210864031389e-07
4.235978310987833925e-07
4.133214883355348396e-07
4.036507209072763749e-07
3.945293784108000673e-07
3.859081165523773306e-07
3.777433962493064433e-07
3.699966543140518548e-07
3.626336123576927346e-07
3.556236977630837977e-07
3.489395560833053501e-07
3.425566384557374997e-07
3.364528509040218934e-07
3.306082549616889546e-07
3.250048110638377963e-07
3.196261577446279278e-07
3.144574209442044441e-07
3.094850487413661532e-07
3.046966676428424221e-07
3.000809572186195760e-07
2.956275404078519534e-07
2.913268872567015261e-07
2.871702302076375113e-07
2.831494893547000133e-07
2.792572063231567310e-07
2.754864856344817239e-07
2.718309425863362656e-07
2.682846568183695304e-07
2.648421308531132990e-07
2.614982530009916850e-07
2.582482641027443840e-07
2.550877276539759835e-07
2.520125029172511993e-07
2.490187206789007235e-07
2.461027613519436951e-07
2.432612351644453611e-07
2.404909642052174031e-07
2.377889661268364821e-07
2.351524393302082419e-07
2.325787494758856326e-07
2.300654171855654830e-07
2.276101068130202850e-07
2.252106161775210865e-07
2.228648671648591588e-07
2.205708971116149282e-07
2.183268508975698234e-07
2.161309736792741011e-07
2.139816042049284872e-07
2.118771686570389698e-07
2.098161749748644863e-07
2.077972076135993765e-07
2.058189227015928174e-07
2.038800435607763301e-07
2.019793565589121286e-07
2.001157072653349626e-07
1.982879968845923408e-07
1.964951789448248043e-07
1.947362562199075207e-07
1.930102778663257685e-07
1.913163367575084918e-07
1.896535669999101646e-07
1.880211416165495336e-07
1.864182703849775023e-07
1.848441978177978803e-07
1.832982012748924654e-07
1.817795891974385577e-07
1.802876994546482956e-07
1.788218977949251033e-07
1.773815763938220829e-07
1.759661524918180318e-07
1.745750671154948396e-07
1.732077838762185844e-07
1.718637878409010685e-07
1.705425844698435050e-07
1.692436986170609275e-07
1.679666735888394539e-07
1.667110702566082663e-07
1.654764662205038142e-07
1.642624550202800879e-07
1.630686453904667554e-07
1.618946605569070027e-07
1.607401375720187823e-07
1.596047266863137304e-07
1.584880907538888286e-07
1.573899046697660287e-07
1.563098548371082105e-07
1.552476386624759281e-07
1.542029640774190988e-07
1.531755490848133558e-07
1.521651213284617764e-07
1.511714176845806321e-07
1.501941838738836305e-07
1.492331740930600882e-07
1.482881506645290834e-07
1.473588837034169645e-07
1.464451508007811899e-07
1.455467367221609627e-07
1.446634331205984190e-07
1.437950382633247064e-07
1.429413567713591067e-07
1.421021726534218878e-07
1.412771705725310721e-07
1.404660185875334398e-07
1.396683948928835060e-07
1.388839874347190342e-07
1.381124935442563363e-07
1.373536195876006997e-07
1.366070806311211249e-07
1.358726001215873113e-07
1.351499095803160133e-07
1.344387483106147533e-07
1.337388631178541360e-07
1.330500080415370063e-07
1.323719440987689628e-07
1.317044390385681930e-07
1.310472671064837522e-07
1.304002088190217958e-07
1.297630507474054264e-07
1.291355853102214783e-07
1.285176105745307497e-07
1.279089300650409815e-07
1.273093525809643327e-07
1.267186920202007357e-07
1.261367672105069458e-07
1.255634017473306011e-07
1.249984238380027467e-07
1.244416661520018652e-07
1.238929656770134121e-07
1.233521635805256646e-07
1.228191050767153173e-07
1.222936392983872978e-07
1.217756191737477779e-07
1.212649013077977498e-07
1.207613458681468442e-07
1.202648164750563567e-07
1.197751800955296099e-07
1.192923069412771470e-07
1.188160703703923663e-07
1.183463467925807237e-07
1.178830155777943919e-07
1.174259589681294910e-07
1.169750619928514391e-07
1.165302123864194613e-07
1.160913005093872247e-07
1.156582192720630546e-07
1.152308640608174331e-07
1.148091326669319266e-07
1.143929252178873572e-07
1.139821441109945232e-07
1.135766939492746381e-07
1.131764814795014520e-07
1.127814155323194894e-07
1.123914069643590086e-07
1.120063686022695575e-07
1.116262151885984325e-07
1.112508633294437644e-07
1.108802314438147729e-07
1.105142397146337695e-07
1.101528100413195040e-07
1.097958659938913072e-07
1.094433327685384000e-07
1.090951371445994354e-07
1.087512074429005202e-07
1.084114734854025130e-07
1.080758665561085740e-07
1.077443193631877109e-07
1.074167660022693069e-07
1.070931419208673271e-07
1.067733838838933319e-07
1.064574299402201432e-07
1.061452193902584286e-07
1.058366927545112120e-07
1.055317917430713306e-07
1.052304592260298758e-07
1.049326392047631920e-07
1.046382767840688812e-07
1.043473181451209009e-07
1.040597105192168106e-07
1.037754021622890810e-07
1.034943423301555327e-07
1.032164812544837173e-07
1.029417701194450350e-07
1.026701610390363146e-07
1.024016070350458788e-07
1.021360620156433705e-07
1.018734807545727325e-07
1.016138188709285018e-07
1.013570328094964134e-07
1.011030798216403793e-07
1.008519179467174742e-07
1.006035059940048862e-07
1.003578035251217594e-07
1.001147708369304709e-07
9.987436894490237291e-08
9.963655956693259409e-08
9.940130510759091818e-08
9.916856864279395500e-08
9.893831390488664034e-08
9.871050526811912817e-08
9.848510773450824902e-08
9.826208692007040559e-08
9.804140904141572782e-08
9.782304090269143065e-08
9.760694988286475247e-08
9.739310392333458213e-08
9.718147151586196735e-08
9.697202169081043867e-08
9.676472400568613015e-08
9.655954853396979552e-08
9.635646585423097901e-08
9.615544703951719385e-08
9.595646364700892366e-08
9.575948770793373642e-08
9.556449171773109374e-08
9.537144862646142330e-08
9.518033182945155314e-08
9.499111515817048596e-08
9.480377287132861815e-08
9.461827964619383885e-08
9.443461057011875204e-08
9.425274113227294677e-08
9.407264721557424069e-08
9.389430508881373536e-08
9.371769139896915104e-08
9.354278316370112068e-08
9.336955783485386023e-08
9.319799350155101135e-08
9.302806866688727651e-08
9.285976216984634110e-08
9.269305317876646427e-08
9.252792118495717243e-08
9.236434599646469975e-08
9.220230773198057712e-08
9.204178681489080227e-08
9.188276396746101145e-08
9.172522020515425157e-08
9.156913683107808371e-08
9.141449543055729883e-08
9.126127786582916226e-08
9.110946627085763973e-08
9.095904304626398457e-08
9.080999085437029802e-08
9.066229261435309780e-08
9.051593149750443350e-08
9.037089092259729287e-08
9.022715455135306235e-08
9.008470628400820954e-08
8.994353025497747454e-08
8.980361082861173039e-08
8.966493259504729668e-08
8.952748036614518416e-08
8.939123917151754407e-08
8.925619425463915167e-08
8.912233106904212392e-08
8.898963527459142298e-08
8.885809273383946463e-08
8.872768950845756850e-08
8.859841185574283383e-08
8.847024622519791314e-08
8.834317925518258506e-08
8.821719776963498249e-08
8.809228877486084798e-08
8.796843945638932099e-08
8.784563717589347020e-08
8.772386946817408861e-08
8.760312403820538816e-08
8.748338875824080730e-08
8.736465166497783289e-08
8.724690095678016888e-08
8.713012499095614003e-08
8.701431228109180871e-08
8.689945149443763997e-08
8.678553144934744456e-08
8.667254111276830261e-08
8.656046959778042263e-08
8.644930616118582401e-08
8.633904020114430774e-08
8.622966125485617283e-08
8.612115899629048713e-08
8.601352323395729809e-08
8.590674390872369059e-08
8.580081109167214361e-08
8.569571498200011346e-08
8.559144590496044674e-08
8.548799430984112732e-08
8.538535076798411924e-08
8.528350597084150546e-08
8.518245072806929323e-08
8.508217596565687411e-08
8.498267272409219180e-08
8.488393215656154568e-08
8.478594552718297124e-08
8.468870420927307834e-08
8.459219968364607665e-08
8.449642353694453848e-08
8.440136746000128993e-08
8.430702324623142479e-08
8.421338279005414975e-08
8.412043808534368027e-08
8.402818122390847235e-08
8.393660439399834020e-08
8.384569987883879803e-08
8.375546005519199082e-08
8.366587739194385659e-08
8.357694444871654082e-08
8.348865387450619546e-08
8.340099840634490509e-08
8.331397086798668732e-08
8.322756416861724989e-08
8.314177130158604853e-08
8.305658534316162495e-08
8.297199945130841188e-08
8.288800686448541534e-08
8.280460090046583453e-08
8.272177495517765903e-08
8.263952250156423741e-08
8.255783708846492319e-08
8.247671233951517613e-08
8.239614195206557605e-08
8.231611969611982891e-08
8.223663941329070596e-08
8.215769501577426044e-08
8.207928048534143481e-08
8.200138987234696608e-08
8.192401729475519197e-08
8.184715693718246701e-08
8.177080304995564563e-08
8.169494994818659286e-08
8.161959201086241795e-08
8.154472367995070323e-08
8.147033945951999268e-08
8.139643391487477281e-08
8.132300167170507804e-08
8.125003741525009862e-08
8.117753588947564541e-08
8.110549189626523350e-08
8.103390029462459908e-08
8.096275599989906750e-08
8.089205398300401062e-08
8.082178926966770520e-08
8.075195693968659242e-08
8.068255212619267384e-08
8.061357001493269952e-08
8.054500584355912208e-08
8.047685490093247242e-08
8.040911252643486600e-08
8.034177410929457342e-08
8.027483508792147019e-08
8.020829094925288905e-08
8.014213722811029842e-08
8.007636950656554974e-08
8.001098341331785825e-08
7.994597462307995558e-08
7.988133885597456549e-08
7.981707187693985299e-08
7.975316949514432304e-08
7.968962756341107641e-08
7.962644197765064167e-08
7.956360867630308495e-08
7.950112363978836487e-08
7.943898288996540945e-08
7.937718248959953087e-08
7.931571854183788705e-08
7.925458718969308280e-08
7.919378461553491027e-08
7.913330704058924959e-08
7.907315072444530745e-08
7.901331196456981723e-08
7.895378709582887567e-08
7.889457249001676754e-08
7.883566455539230779e-08
7.877705973622165546e-08
7.871875451232832747e-08
7.866074539864977685e-08
7.860302894480081345e-08
7.854560173464309941e-08
7.848846038586156656e-08
7.843160154954663059e-08
7.837502190978298311e-08
7.831871818324411424e-08
7.826268711879297633e-08
7.820692549708855041e-08
7.815143013019791829e-08
7.809619786121436981e-08
7.804122556388067177e-08
7.798651014221826594e-08
7.793204853016129795e-08
7.787783769119636355e-08
7.782387461800736359e-08
7.777015633212533531e-08
7.771667988358340553e-08
7.766344235057664074e-08
7.761044083912689998e-08
7.755767248275217437e-08
7.750513444214102204e-08
7.745282390483115885e-08
7.740073808489301214e-08
7.734887422261754943e-08
7.729722958420850103e-08
7.724580146147883107e-08
7.719458717155180106e-08
7.714358405656576568e-08
7.709278948338338899e-08
7.704220084330481793e-08
7.699181555178473357e-08
7.694163104815369057e-08
7.689164479534275198e-08
7.684185427961238581e-08
7.679225701028493498e-08
7.674285051948060770e-08
7.669363236185746483e-08
7.664460011435446453e-08
7.659575137593843758e-08
7.654708376735433184e-08
7.649859493087875207e-08
7.645028253007704681e-08
7.640214424956346568e-08
7.635417779476481072e-08
7.630638089168692003e-08
7.625875128668464532e-08
7.621128674623462213e-08
7.616398505671126933e-08
7.611684402416566055e-08
7.606986147410739999e-08
7.602303525128938336e-08
7.597636321949537797e-08
7.592984326133042171e-08
7.588347327801408090e-08
7.583725118917618293e-08
7.579117493265552690e-08
7.574524246430108226e-08
7.569945175777571547e-08
7.565380080436265614e-08
7.560828761277430587e-08
7.556291020896374690e-08
7.551766663593834195e-08
7.547255495357613984e-08
7.542757323844441187e-08
7.538271958362058382e-08
7.533799209851545746e-08
7.529338890869866889e-08
7.524890815572656876e-08
7.520454799697195542e-08
7.516030660545630946e-08
7.511618216968400023e-08
7.507217289347854381e-08
7.502827699582111087e-08
7.498449271069088742e-08
7.494081828690761935e-08
7.489725198797595688e-08
7.485379209193191658e-08
7.481043689119116986e-08
7.476718469239921079e-08
7.472403381628357527e-08
7.468098259750759554e-08
7.463802938452625901e-08
7.459517253944362873e-08
7.455241043787223598e-08
7.450974146879404773e-08
7.446716403442324729e-08
7.442467655007052378e-08
7.438227744400930708e-08
7.433996515734351155e-08
7.429773814387672245e-08
7.425559486998328804e-08
7.421353381448074852e-08
7.417155346850393250e-08
7.412965233538046966e-08
7.408782893050791800e-08
7.404608178123246606e-08
7.400440942672870726e-08
7.396281041788131987e-08
7.392128331716791189e-08
7.387982669854332153e-08
7.383843914732524137e-08
7.379711934258609249e-08
7.375586630324594032e-08
7.371467913817371420e-08
7.367355696328290469e-08
7.363249890146201433e-08
7.359150408250592138e-08
7.355057164304805112e-08
7.350970072649336751e-08
7.346889048295207969e-08
7.342814006917410279e-08
7.338744864848448489e-08
7.334681539071931045e-08
7.330623947216250374e-08
7.326572007548346598e-08
7.322525638967518908e-08
7.318484760999329564e-08
7.314449293789563499e-08
7.310419158098273941e-08
7.306394275293876999e-08
7.302374567347337584e-08
7.298359956826391052e-08
7.294350366889864112e-08
7.290345721282040735e-08
7.286345944327094238e-08
7.282350960923588182e-08
7.278360696539035512e-08
7.274375077204525193e-08
7.270394029509396488e-08
7.266417480595997943e-08
7.262445358154464896e-08
7.258477590417609494e-08
7.254514106155818633e-08
7.250554834672041913e-08
7.246599705796810022e-08
7.242648649883340475e-08
7.238701597802668495e-08
7.234758480938844078e-08
7.230819231184185953e-08
7.226883780934572617e-08
7.222952063084822026e-08
7.219024011024068657e-08
7.215099558631233198e-08
7.211178640270538571e-08
7.207261190787044480e-08
7.203347145502269307e-08
7.199436440209837162e-08
7.195529011171176535e-08
7.191624795111271908e-08
7.187723729214451078e-08
7.183825751120228087e-08
7.179930798919188489e-08
7.176038811148919624e-08
7.172149726789977949e-08
7.168263485261907976e-08
7.164380026419307550e-08
7.160499290547916928e-08
7.156621218360776698e-08
7.152745750994400246e-08
7.148872830005009755e-08
7.145002397364792052e-08
7.141134395458217987e-08
7.137268767078368427e-08
7.133405455423340985e-08
7.129544404092644833e-08
7.125685557083694783e-08
7.121828858788272274e-08
7.117974253989089597e-08
7.114121687856342208e-08
7.110271105944328531e-08
7.106422454188081686e-08
7.102575678900047524e-08
7.098730726766814294e-08
7.094887544845833029e-08
7.091046080562217358e-08
7.087206281705552566e-08
7.083368096426737754e-08
7.079531473234871670e-08
7.075696360994159713e-08
7.071862708920869908e-08
7.068030466580291530e-08
7.064199583883749314e-08
7.060370011085642805e-08
7.056541698780513513e-08
7.052714597900143820e-08
7.048888659710675747e-08
7.045063835809777365e-08
7.041240078123827730e-08
7.037417338905125649e-08
7.033595570729132851e-08
7.029774726491758186e-08
7.025954759406632563e-08
7.022135623002448736e-08
7.018317271120316976e-08
7.014499657911136617e-08
7.010682737833002022e-08
7.006866465648635011e-08
7.003050796422845088e-08
6.999235685520012165e-08
6.995421088601579870e-08
6.991606961623617688e-08
6.987793260834347351e-08
6.983979942771743360e-08
6.980166964261126877e-08
6.976354282412809917e-08
6.972541854619726303e-08
6.968729638555132764e-08
6.964917592170284890e-08
6.961105673692171318e-08
6.957293841621246595e-08
6.953482054729218306e-08
6.949670272056807727e-08
6.945858452911576663e-08
6.942046556865755594e-08
6.938234543754089041e-08
6.934422373671711365e-08
6.930610006972046389e-08
6.926797404264708344e-08
6.922984526413449140e-08
6.919171334534104307e-08
6.915357789992565415e-08
6.911543854402778956e-08
6.907729489624755814e-08
6.903914657762604565e-08
6.900099321162571389e-08
6.896283442411127625e-08
6.892466992609324940e-08
6.888649976094472303e-08
6.884832405426350432e-08
6.881014293085116303e-08
6.877195651471945040e-08
6.873376492909640040e-08
6.869556829643266933e-08
6.865736673840750467e-08
6.861916037593487288e-08
6.858094932916953419e-08
6.854273371751282627e-08
6.850451365961877873e-08
6.846628927339975120e-08
6.842806067603232282e-08
6.838982798396299655e-08
6.835159131291387685e-08
6.831335077788833426e-08
6.827510649317648467e-08
6.823685857236078762e-08
6.819860712832153880e-08
6.816035227324215079e-08
6.812209411861469849e-08
6.808383277524508065e-08
6.804556835325840657e-08
6.800730096210419734e-08
6.796903071056145485e-08
6.793075770674390275e-08
6.789248205810508195e-08
6.785420387144323425e-08
6.781592325290641101e-08
6.777764030799747596e-08
6.773935514157877710e-08
6.770106785787724212e-08
6.766277856048899743e-08
6.762448735238423851e-08
6.758619433591195487e-08
6.754789961280453570e-08
6.750960328418246831e-08
6.747130545055889092e-08
6.743300621184415869e-08
6.739470566735039652e-08
6.735640391579591953e-08
6.731810105530966669e-08
6.727979718343562136e-08
6.724149239713713900e-08
6.720318679280124860e-08
6.716488046624299365e-08
6.712657351270961442e-08
6.708826602688473015e-08
6.704995810289252130e-08
6.701164983430193823e-08
6.697334131413065842e-08
6.693503263484916284e-08
6.689672388838485201e-08
6.685841516612596349e-08
6.682010655892544971e-08
6.678179815710502789e-08
6.674349005045895193e-08
6.670518232825791674e-08
6.666687507925284338e-08
6.662856839167862457e-08
6.659026235325794957e-08
6.655195705120495699e-08
6.651365257222890085e-08
6.647534900253788285e-08
6.643704642784233313e-08
6.639874493335875574e-08
6.636044460381311676e-08
6.632214552344453687e-08
6.628384777600862650e-08
6.624555144478108577e-08
6.620725661256099991e-08
6.616896336167437306e-08
6.613067177397741042e-08
6.609238193085995944e-08
6.605409391324869932e-08
6.601580780161052920e-08
6.597752367595575777e-08
6.593924161584146491e-08
6.590096170037455896e-08
6.586268400821500602e-08
6.582440861757905930e-08
6.578613560624219720e-08
6.574786505154245859e-08
6.570959703038338087e-08
6.567133161923699112e-08
6.563306889414696919e-08
6.559480893073155940e-08
6.555655180418656165e-08
6.551829758928828273e-08
6.548004636039639513e-08
6.544179819145695455e-08
6.540355315600515279e-08
6.536531132716829555e-08
6.532707277766842299e-08
6.528883757982538020e-08
6.525060580555935832e-08
6.521237752639377968e-08
6.517415281345801106e-08
6.513593173749005027e-08
6.509771436883922614e-08
6.505950077746883221e-08
6.502129103295883993e-08
6.498308520450849265e-08
6.494488336093886000e-08
6.490668557069545837e-08
6.486849190185084496e-08
6.483030242210703974e-08
6.479211719879821218e-08
6.475393629889298408e-08
6.471575978899706333e-08
6.467758773535563941e-08
6.463942020385576570e-08
6.460125726002892702e-08
6.456309896905321017e-08
6.452494539575597737e-08
6.448679660461586471e-08
6.444865265976546887e-08
6.441051362499341175e-08
6.437237956374684184e-08
6.433425053913352535e-08
6.429612661392425499e-08
6.425800785055502042e-08
6.421989431112925826e-08
6.418178605742012844e-08
6.414368305156197597e-08
6.410558485917458703e-08
6.406749094913159011e-08
6.402940079311677786e-08
6.399131386560560468e-08
6.395322964384675057e-08
6.391514760784376430e-08
6.387706724033713013e-08
6.383898802678608312e-08
6.380090945535092726e-08
6.376283101687518165e-08
6.372475220486824274e-08
6.368667251548766288e-08
6.364859144752213020e-08
6.361050850237421032e-08
6.357242318404324691e-08
6.353433499910869892e-08
6.349624345671309406e-08
6.345814806854571018e-08
6.342004834882580668e-08
6.338194381428643818e-08
6.334383398415817571e-08
6.330571838015298651e-08
6.326759652644820663e-08
6.322946794967071201e-08
6.319133217888120864e-08
6.315318874555853598e-08
6.311503718358423511e-08
6.307687702922711681e-08
6.303870782112804147e-08
6.300052910028471217e-08
6.296234041003673252e-08
6.292414129605059826e-08
6.288593130630494040e-08
6.284770999107583447e-08
6.280947690292224212e-08
6.277123159667146602e-08
6.273297362940488261e-08
6.269470256044368816e-08
6.265641795133467122e-08
6.261811936583627632e-08
6.257980636990461468e-08
6.254147853167969991e-08
6.250313542147164404e-08
6.246477661174715791e-08
6.242640167711590603e-08
6.238801019431725842e-08
6.234960174220680429e-08
6.231117590174322299e-08
6.227273225597528740e-08
6.223427039002858930e-08
6.219578989109284710e-08
6.215729034840909451e-08
6.211877135325665737e-08
6.208023249894096433e-08
6.204167338078062960e-08
6.200309359609523713e-08
6.196449274419287340e-08
6.192587042635796446e-08
6.188722624583900727e-08
6.184855980783656564e-08
6.180987071949119996e-08
6.177115858987168821e-08
6.173242302996307483e-08
6.169366365265503724e-08
6.165488007273019946e-08
6.161607190685263094e-08
6.157723877355623964e-08
6.153838029323356201e-08
6.149949608812438100e-08
6.146058578230439703e-08
6.142164900167430915e-08
6.138268537394852574e-08
6.134369452864435155e-08
6.130467609707101600e-08
6.126562971231886030e-08
6.122655500924857741e-08
6.118745162448062424e-08
6.114831919638448804e-08
6.110915736506836326e-08
6.106996577236852391e-08
6.103074406183915917e-08
6.099149187874190458e-08
6.095220887003567765e-08
6.091289468436665907e-08
6.087354897205811503e-08
6.083417138510040495e-08
6.079476157714102875e-08
6.075531920347491255e-08
6.071584392103448240e-08
6.067633538838004258e-08
6.063679326569004793e-08
6.059721721475160123e-08
6.055760689895091078e-08
6.051796198326389369e-08
6.047828213424672615e-08
6.043856702002660548e-08
6.039881631029247244e-08
6.035902967628586598e-08
6.031920679079173816e-08
6.027934732812953389e-08
6.023945096414408531e-08
6.019951737619677086e-08
6.015954624315656852e-08
6.011953724539138695e-08
6.007949006475922457e-08
6.003940438459955369e-08
5.999927988972463836e-08
5.995911626641109057e-08
5.991891320239128074e-08
5.987867038684496012e-08
5.983838751039083008e-08
5.979806426507828361e-08
5.975770034437909375e-08
5.971729544317926093e-08
5.967684925777084706e-08
5.963636148584383601e-08
5.959583182647819276e-08
5.955525998013579666e-08
5.951464564865257333e-08
5.947398853523060666e-08
5.943328834443031036e-08
5.939254478216271863e-08
5.935175755568167763e-08
5.931092637357627505e-08
5.927005094576324993e-08
5.922913098347931645e-08
5.918816619927385160e-08
5.914715630700127196e-08
5.910610102181371470e-08
5.906500006015370556e-08
5.902385313974681341e-08
5.898265997959445713e-08
5.894142029996661316e-08
5.890013382239478116e-08
5.885880026966478426e-08
5.881741936580980746e-08
5.877599083610326405e-08
5.873451440705193995e-08
5.869298980638907846e-08
5.865141676306742533e-08
5.860979500725252528e-08
5.856812427031580679e-08
5.852640428482805729e-08
5.848463478455247484e-08
5.844281550443828890e-08
5.840094618061391792e-08
5.835902655038065630e-08
5.831705635220600395e-08
5.827503532571725406e-08
5.823296321169506090e-08
5.819083975206706061e-08
5.814866468990159123e-08
5.810643776940126060e-08
5.806415873589685161e-08
5.802182733584102909e-08
5.797944331680213921e-08
5.793700642745812806e-08
5.789451641759051980e-08
5.785197303807814990e-08
5.780937604089140139e-08
5.776672517908607706e-08
5.772402020679754305e-08
5.768126087923479962e-08
5.763844695267464456e-08
5.759557818445581012e-08
5.755265433297329186e-08
5.750967515767249224e-08
5.746664041904358916e-08
5.742354987861584494e-08
5.738040329895197488e-08
5.733720044364256217e-08
5.729394107730051241e-08
5.725062496555550165e-08
5.720725187504853016e-08
5.716382157342646309e-08
5.712033382933659750e-08
5.707678841242127582e-08
5.703318509331260508e-08
5.698952364362705047e-08
5.694580383596028036e-08
5.690202544388179955e-08
5.685818824192984060e-08
5.681429200560608971e-08
5.677033651137067735e-08
5.672632153663693720e-08
5.668224685976642988e-08
5.663811226006384748e-08
5.659391751777197107e-08
5.654966241406682014e-08
5.650534673105250420e-08
5.646097025175654425e-08
5.641653276012473767e-08
5.637203404101655905e-08
5.632747388020009126e-08
5.628285206434742634e-08
5.623816838102980162e-08
5.619342261871285506e-08
5.614861456675205261e-08
5.610374401538781108e-08
5.605881075574103808e-08
5.601381457980842692e-08
5.596875528045787740e-08
5.592363265142394963e-08
5.587844648730336410e-08
5.583319658355044236e-08
5.578788273647268648e-08
5.574250474322631231e-08
5.569706240181184227e-08
5.565155551106969812e-08
5.560598387067590623e-08
5.556034728113762421e-08
5.551464554378901823e-08
5.546887846078680946e-08
5.542304583510616467e-08
5.537714747053633533e-08
5.533118317167658122e-08
5.528515274393188900e-08
5.523905599350894879e-08
5.519289272741187265e-08
5.514666275343821090e-08
5.510036588017483610e-08
5.505400191699395928e-08
5.500757067404896763e-08
5.496107196227055326e-08
5.491450559336273614e-08
5.486787137979878772e-08
5.482116913481747225e-08
5.477439867241904985e-08
5.472755980736139202e-08
5.468065235515617007e-08
5.463367613206500367e-08
5.458663095509566255e-08
5.453951664199829444e-08
5.449233301126160689e-08
5.444507988210920118e-08
5.439775707449584007e-08
5.435036440910368246e-08
5.430290170733874974e-08
5.425536879132714053e-08
5.420776548391151024e-08
5.416009160864736531e-08
5.411234698979959566e-08
5.406453145233883507e-08
5.401664482193790103e-08
5.396868692496838675e-08
5.392065758849702814e-08
5.387255664028233561e-08
5.382438390877110661e-08
5.377613932909925209e-08
5.372782326025591181e-08
5.367943616559317479e-08
5.363097850661888125e-08
5.358245074300588043e-08
5.353385333260111629e-08
5.348518673143469345e-08
5.343645139372882397e-08
5.338764777190687339e-08
5.333877631660214872e-08
5.328983747666683192e-08
5.324083169918073489e-08
5.319175942946002115e-08
5.314262111106592111e-08
5.309341718581341409e-08
5.304414809377966559e-08
5.299481427331272924e-08
5.294541616103992445e-08
5.289595419187635311e-08
5.284642879903315150e-08
5.279684041402600696e-08
5.274718946668329074e-08
5.269747638515438273e-08
5.264770159591783739e-08
5.259786552378948350e-08
5.254796859193065628e-08
5.249801122185600595e-08
5.244799383344179601e-08
5.239791684493358613e-08
5.234778067295431860e-08
5.229758573251207404e-08
5.224733243700798583e-08
5.219702119824392959e-08
5.214665242643023249e-08
5.209622653019350171e-08
5.204574391658404921e-08
5.199520499108362750e-08
5.194461015761300663e-08
5.189395981853931296e-08
5.184325437468365902e-08
5.179249422532848893e-08
5.174167976822495017e-08
5.169081139960023904e-08
5.163988951416489296e-08
5.158891450512003008e-08
5.153788676416461513e-08
5.148680668150253353e-08
5.143567464584975808e-08
5.138449104444146269e-08
5.133325626303903025e-08
5.128197068593710023e-08
5.123063469597044422e-08
5.117924867452099360e-08
5.112781300152470852e-08
5.107632805547829452e-08
5.102479421344623035e-08
5.097321185106736551e-08
5.092158134256170311e-08
5.086990306073710339e-08
5.081817737699593425e-08
5.076640466134168204e-08
5.071458528238553593e-08
5.066271960735291274e-08
5.061080800208999494e-08
5.055885083107020253e-08
5.050684845740054578e-08
5.045480124282815665e-08
5.040270954774653566e-08
5.035057373120193773e-08
5.029839415089958594e-08
5.024617116321007723e-08
5.019390512317543077e-08
5.014159638451536123e-08
5.008924529963346618e-08
5.003685221962319494e-08
4.998441749427417492e-08
4.993194147207795553e-08
4.987942450023428153e-08
4.982686692465694283e-08
4.977426908997976994e-08
4.972163133956246389e-08
4.966895401549666447e-08
4.961623745861156839e-08
4.956348200847989827e-08
4.951068800342367301e-08
4.945785578051991205e-08
4.940498567560637931e-08
4.935207802328730727e-08
4.929913315693895563e-08
4.924615140871538835e-08
4.919313310955390655e-08
4.914007858918077922e-08
4.908698817611662322e-08
4.903386219768202150e-08
4.898070098000294936e-08
4.892750484801618756e-08
4.887427412547484787e-08
4.882100913495364056e-08
4.876771019785428086e-08
4.871437763441080935e-08
4.866101176369490583e-08
4.860761290362113690e-08
4.855418137095221024e-08
4.850071748130418252e-08
4.844722154915162102e-08
4.839369388783280495e-08
4.834013480955482086e-08
4.828654462539867794e-08
4.823292364532433065e-08
4.817927217817584695e-08
4.812559053168626553e-08
4.807187901248270443e-08
4.801813792609129106e-08
4.796436757694204589e-08
4.791056826837391829e-08
4.785674030263956436e-08
4.780288398091019749e-08
4.774899960328051177e-08
4.769508746877337372e-08
4.764114787534475893e-08
4.758718111988829824e-08
4.753318749824022097e-08
4.747916730518390110e-08
4.742512083445458875e-08
4.737104837874409532e-08
4.731695022970539926e-08
4.726282667795721868e-08
4.720867801308866346e-08
4.715450452366372184e-08
4.710030649722582647e-08
4.704608422030234767e-08
4.699183797840908004e-08
4.693756805605474233e-08
4.688327473674533833e-08
4.682895830298866336e-08
4.677461903629855266e-08
4.672025721719944742e-08
4.666587312523053734e-08
4.661146703895022072e-08
4.655703923594035954e-08
4.650258999281050800e-08
4.644811958520224026e-08
4.639362828779335925e-08
4.633911637430205893e-08
4.628458411749116615e-08
4.623003178917229636e-08
4.617545966020996970e-08
4.612086800052575349e-08
4.606625707910237165e-08
4.601162716398774139e-08
4.595697852229905615e-08
4.590231142022686854e-08
4.584762612303904099e-08
4.579292289508472281e-08
4.573820199979839346e-08
4.568346369970376686e-08
4.562870825641776843e-08
4.557393593065438647e-08
4.551914698222861618e-08
4.546434167006029110e-08
4.540952025217796762e-08
4.535468298572274982e-08
4.529983012695208786e-08
4.524496193124354340e-08
4.519007865309868715e-08
4.513518054614665255e-08
4.508026786314805985e-08
4.502534085599862262e-08
4.497039977573287340e-08
4.491544487252782975e-08
4.486047639570668018e-08
4.480549459374241707e-08
4.475049971426141019e-08
4.469549200404705943e-08
4.464047170904340799e-08
4.458543907435858343e-08
4.453039434426850344e-08
4.447533776222029704e-08
4.442026957083583172e-08
4.436519001191525373e-08
4.431009932644042258e-08
4.425499775457839837e-08
4.419988553568484323e-08
4.414476290830746233e-08
4.408963011018943837e-08
4.403448737827279323e-08
4.397933494870173639e-08
4.392417305682611264e-08
4.386900193720460490e-08
4.381382182360812897e-08
4.375863294902321508e-08
4.370343554565511143e-08
4.364822984493121866e-08
4.359301607750429268e-08
4.353779447325563432e-08
4.348256526129836491e-08
4.342732866998066886e-08
4.337208492688885755e-08
4.331683425885066477e-08
4.326157689193838344e-08
4.320631305147191622e-08
4.315104296202204453e-08
4.309576684741342627e-08
4.304048493072777220e-08
4.298519743430681050e-08
4.292990457975551615e-08
4.287460658794502257e-08
4.281930367901569213e-08
4.276399607238022632e-08
4.270868398672650469e-08
4.265336764002071483e-08
4.259804724951026410e-08
4.254272303172677732e-08
4.248739520248897534e-08
4.243206397690567939e-08
4.237672956937866316e-08
4.232139219360564392e-08
4.226605206258306185e-08
4.221070938860905123e-08
4.215536438328622641e-08
4.210001725752458029e-08
4.204466822154428341e-08
4.198931748487848984e-08
4.193396525637620909e-08
4.187861174420502589e-08
4.182325715585388616e-08
4.176790169813591602e-08
4.171254557719108863e-08
4.165718899848904319e-08
4.160183216683173861e-08
4.154647528635620626e-08
4.149111856053721030e-08
4.143576219219000705e-08
4.138040638347287955e-08
4.132505133588996316e-08
4.126969725029374696e-08
4.121434432688778033e-08
4.115899276522926693e-08
4.110364276423168523e-08
4.104829452216736271e-08
4.099294823667011620e-08
4.093760410473768050e-08
4.088226232273443475e-08
4.082692308639384428e-08
4.077158659082102819e-08
4.071625303049522760e-08
4.066092259927239316e-08
4.060559549038764003e-08
4.055027189645769643e-08
4.049495200948345787e-08
4.043963602085235627e-08
4.038432412134086136e-08
4.032901650111690920e-08
4.027371334974234412e-08
4.021841485617525460e-08
4.016312120877252102e-08
4.010783259529199943e-08
4.005254920289511555e-08
3.999727121814907503e-08
3.994199882702929866e-08
3.988673221492174508e-08
3.983147156662522029e-08
3.977621706635375328e-08
3.972096889773888572e-08
3.966572724383191522e-08
3.961049228710628424e-08
3.955526420945979697e-08
3.950004319221686261e-08
3.944482941613085116e-08
3.938962306138623092e-08
3.933442430760087129e-08
3.927923333382825306e-08
3.922405031855969181e-08
3.916887543972648864e-08
3.911370887470219328e-08
3.905855080030476143e-08
3.900340139279870537e-08
3.894826082789733734e-08
3.889312928076480104e-08
3.883800692601831499e-08
3.878289393773025035e-08
3.872779048943030812e-08
3.867269675410755067e-08
3.861761290421259210e-08
3.856253911165962319e-08
3.850747554782855546e-08
3.845242238356704611e-08
3.839737978919256927e-08
3.834234793449452032e-08
3.828732698873618135e-08
3.823231712065682541e-08
3.817731849847372830e-08
3.812233128988412728e-08
3.806735566206733203e-08
3.801239178168661067e-08
3.795743981489128746e-08
3.790249992731864200e-08
3.784757228409590769e-08
3.779265704984223717e-08
3.773775438867067423e-08
3.768286446419004648e-08
3.762798743950691745e-08
3.757312347722756521e-08
3.751827273945983529e-08
3.746343538781507952e-08
3.740861158341002885e-08
3.735380148686870573e-08
3.729900525832432336e-08
3.724422305742113853e-08
3.718945504331628469e-08
3.713470137468169099e-08
3.707996220970588223e-08
3.702523770609583838e-08
3.697052802107884080e-08
3.691583331140424575e-08
3.686115373334535053e-08
3.680648944270118014e-08
3.675184059479826077e-08
3.669720734449244626e-08
3.664258984617070474e-08
3.658798825375283260e-08
3.653340272069329412e-08
3.647883339998294199e-08
3.642428044415073128e-08
3.636974400526556564e-08
3.631522423493790540e-08
3.626072128432157408e-08
3.620623530411545911e-08
3.615176644456521912e-08
3.609731485546497801e-08
3.604288068615904545e-08
3.598846408554355147e-08
3.593406520206818013e-08
3.587968418373785044e-08
3.582532117811431771e-08
3.577097633231785443e-08
3.571664979302893771e-08
3.566234170648987053e-08
3.560805221850640304e-08
3.555378147444936043e-08
3.549952961925628408e-08
3.544529679743301312e-08
3.539108315305533215e-08
3.533688882977053299e-08
3.528271397079903596e-08
3.522855871893594493e-08
3.517442321655264217e-08
3.512030760559836329e-08
3.506621202760175233e-08
3.501213662367239041e-08
3.495808153450244344e-08
3.490404690036804521e-08
3.485003286113101789e-08
3.479603955624023522e-08
3.474206712473325045e-08
3.468811570523776536e-08
3.463418543597317876e-08
3.458027645475200925e-08
3.452638889898149664e-08
3.447252290566503791e-08
3.441867861140362986e-08
3.436485615239742417e-08
3.431105566444712368e-08
3.425727728295552428e-08
3.420352114292889134e-08
3.414978737897845523e-08
3.409607612532186052e-08
3.404238751578456896e-08
3.398872168380134170e-08
3.393507876241758267e-08
3.388145888429084737e-08
3.382786218169221927e-08
3.377428878650769287e-08
3.372073883023959646e-08
3.366721244400800162e-08
3.361370975855207317e-08
3.356023090423148534e-08
3.350677601102777168e-08
3.345334520854573464e-08
3.339993862601473589e-08
3.334655639229015884e-08
3.329319863585464610e-08
3.323986548481955526e-08
3.318655706692618980e-08
3.313327350954726813e-08
3.308001493968809489e-08
3.302678148398801676e-08
3.297357326872167983e-08
3.292039041980031994e-08
3.286723306277315239e-08
3.281410132282856967e-08
3.276099532479551128e-08
3.270791519314471443e-08
3.265486105199001768e-08
3.260183302508965132e-08
3.254883123584745502e-08
3.249585580731420127e-08
3.244290686218884612e-08
3.238998452281975338e-08
3.233708891120598503e-08
3.228422014899853207e-08
3.223137835750156521e-08
3.217856365767362602e-08
3.212577617012891732e-08
3.207301601513849431e-08
3.202028331263149546e-08
3.196757818219632697e-08
3.191490074308193338e-08
3.186225111419892910e-08
3.180962941412086239e-08
3.175703576108537336e-08
3.170447027299535208e-08
3.165193306742020910e-08
3.159942426159698054e-08
3.154694397243150604e-08
3.149449231649965959e-08
3.144206941004842815e-08
3.138967536899712929e-08
3.133731030893857585e-08
3.128497434514010825e-08
3.123266759254494447e-08
3.118039016577309987e-08
3.112814217912269079e-08
3.107592374657095369e-08
3.102373498177544951e-08
3.097157599807511581e-08
3.091944690849143149e-08
3.086734782572950862e-08
3.081527886217919760e-08
3.076324012991618562e-08
3.071123174070310180e-08
3.065925380599062889e-08
3.060730643691853562e-08
3.055538974431681488e-08
3.050350383870673591e-08
3.045164883030190309e-08
3.039982482900939413e-08
3.034803194443073283e-08
3.029627028586300745e-08
3.024453996229991624e-08
3.019284108243283288e-08
3.014117375465180569e-08
3.008953808704664950e-08
3.003793418740797801e-08
2.998636216322821621e-08
2.993482212170265261e-08
2.988331416973044504e-08
2.983183841391565298e-08
2.978039496056827654e-08
2.972898391570522587e-08
2.967760538505137005e-08
2.962625947404050652e-08
2.957494628781640337e-08
2.952366593123374890e-08
2.947241850885920382e-08
2.942120412497231444e-08
2.937002288356657149e-08
2.931887488835032989e-08
2.926776024274783454e-08
2.921667904990015989e-08
2.916563141266617951e-08
2.911461743362355860e-08
2.906363721506969043e-08
2.901269085902263600e-08
2.896177846722212656e-08
2.891090014113048346e-08
2.886005598193354791e-08
2.880924609054163385e-08
2.875847056759049744e-08
2.870772951344222379e-08
2.865702302818616664e-08
2.860635121163989133e-08
2.855571416335010459e-08
2.850511198259352466e-08
2.845454476837784753e-08
2.840401261944263692e-08
2.835351563426022096e-08
2.830305391103661534e-08
2.825262754771241332e-08
2.820223664196367583e-08
2.815188129120283801e-08
2.810156159257959598e-08
2.805127764298176708e-08
2.800102953903620973e-08
2.795081737710967374e-08
2.790064125330969699e-08
2.785050126348544252e-08
2.780039750322860846e-08
2.775033006787424525e-08
2.770029905250167219e-08
2.765030455193531120e-08
2.760034666074546441e-08
2.755042547324931335e-08
2.750054108351165021e-08
2.745069358534575797e-08
2.740088307231425740e-08
2.735110963772991770e-08
2.730137337465654658e-08
2.725167437590973799e-08
2.720201273405775889e-08
2.715238855042396099e-08
2.710280196204444799e-08
2.705325311458049137e-08
2.700374215330621890e-08
2.695426922310991834e-08
2.690483446849527812e-08
2.685543803358272083e-08
2.680608006211059765e-08
2.675676069743653498e-08
2.670748008253865207e-08
2.665823836001678525e-08
2.660903567209380476e-08
2.655987216061681589e-08
2.651074796705840961e-08
2.646166323251789675e-08
2.641261809772254880e-08
2.636361270302880882e-08
2.631464718842350915e-08
2.626572169352510549e-08
2.621683635758487139e-08
2.616799131948812907e-08
2.611918671775541078e-08
2.607042269054368638e-08
2.602169937564754781e-08
2.597301691050040354e-08
2.592437543217563668e-08
2.587577507738780267e-08
2.582721598249381053e-08
2.577869828349407430e-08
2.573022211603368429e-08
2.568178761540355527e-08
2.563339491654161424e-08
2.558504415403391548e-08
2.553673546211579203e-08
2.548846897467303025e-08
2.544024482524296829e-08
2.539206314701563106e-08
2.534392407283488820e-08
2.529582773519955593e-08
2.524777426626451870e-08
2.519976379784184754e-08
2.515179646140191179e-08
2.510387238807448088e-08
2.505599170864983610e-08
2.500815455357984922e-08
2.496036105297909754e-08
2.491261133662595575e-08
2.486490553396364482e-08
2.481724377410136357e-08
2.476962618581533091e-08
2.472205289754986119e-08
2.467452403741845276e-08
2.462703973320483024e-08
2.457960011236401650e-08
2.453220530202339148e-08
2.448485542898372453e-08
2.443755061972025302e-08
2.439029100038371136e-08
2.434307669680136665e-08
2.429590783447804436e-08
2.424878453859720037e-08
2.420170693402190366e-08
2.415467514529588515e-08
2.410768929664455022e-08
2.406074951197602091e-08
2.401385591488209216e-08
2.396700862863929724e-08
2.392020777620986390e-08
2.387345348024278650e-08
2.382674586307472258e-08
2.378008504673107156e-08
2.373347115292692761e-08
2.368690430306807564e-08
2.364038461825195737e-08
2.359391221926866069e-08
2.354748722660190233e-08
2.350110976042999070e-08
2.345477994062679206e-08
2.340849788676267676e-08
2.336226371810553178e-08
2.331607755362164740e-08
2.326993951197672972e-08
2.322384971153679399e-08
2.317780827036917708e-08
2.313181530624341761e-08
2.308587093663222540e-08
2.303997527871240792e-08
2.299412844936580663e-08
2.294833056518020691e-08
2.290258174245028767e-08
2.285688209717854774e-08
2.281123174507615960e-08
2.276563080156397514e-08
2.272007938177335955e-08
2.267457760054714084e-08
2.262912557244049995e-08
2.258372341172187399e-08
2.253837123237384302e-08
2.249306914809403659e-08
2.244781727229599734e-08
2.240261571811013062e-08
2.235746459838450517e-08
2.231236402568579943e-08
2.226731411230012543e-08
2.222231497023395518e-08
2.217736671121494792e-08
2.213246944669284011e-08
2.208762328784030241e-08
2.204282834555379994e-08
2.199808473045443274e-08
2.195339255288884558e-08
2.190875192292999235e-08
2.186416295037807574e-08
2.181962574476131809e-08
2.177514041533684162e-08
2.173070707109150214e-08
2.168632582074270966e-08
2.164199677273927540e-08
2.159772003526223238e-08
2.155349571622567250e-08
2.150932392327756381e-08
2.146520476380054458e-08
2.142113834491279685e-08
2.137712477346880077e-08
2.133316415606019158e-08
2.128925659901653386e-08
2.124540220840613875e-08
2.120160109003687464e-08
2.115785334945696784e-08
2.111415909195577022e-08
2.107051842256458306e-08
2.102693144605742470e-08
2.098339826695183788e-08
2.093991898950968047e-08
2.089649371773786007e-08
2.085312255538915121e-08
2.080980560596298618e-08
2.076654297270618623e-08
2.072333475861375566e-08
2.068018106642964284e-08
2.063708199864750124e-08
2.059403765751147683e-08
2.055104814501691624e-08
2.050811356291119057e-08
2.046523401269436707e-08
2.042240959562003965e-08
2.037964041269602699e-08
2.033692656468513029e-08
2.029426815210588427e-08
2.025166527523327855e-08
2.020911803409951861e-08
2.016662652849475041e-08
2.012419085796777179e-08
2.008181112182678349e-08
2.003948741914013037e-08
1.999721984873697967e-08
1.995500850920809525e-08
1.991285349890650262e-08
1.987075491594826325e-08
1.982871285821312298e-08
1.978672742334527645e-08
1.974479870875405190e-08
1.970292681161463585e-08
1.966111182886871826e-08
1.961935385722528334e-08
1.957765299316123490e-08
1.953600933292211762e-08
1.949442297252282185e-08
1.945289400774825193e-08
1.941142253415403430e-08
1.937000864706717259e-08
1.932865244158677225e-08
1.928735401258469567e-08
1.924611345470625040e-08
1.920493086237084758e-08
1.916380632977268685e-08
1.912273995088144786e-08
1.908173181944292888e-08
1.904078202897970852e-08
1.899989067279186042e-08
1.895905784395754552e-08
1.891828363533372013e-08
1.887756813955677778e-08
1.883691144904319780e-08
1.879631365599021031e-08
1.875577485237643815e-08
1.871529512996253213e-08
1.867487458029185929e-08
1.863451329469108185e-08
1.859421136427084548e-08
1.855396887992642121e-08
1.851378593233829431e-08
1.847366261197286249e-08
1.843359900908299176e-08
1.839359521370873108e-08
1.835365131567785834e-08
1.831376740460656855e-08
1.827394356990006278e-08
1.823417990075317355e-08
1.819447648615099677e-08
1.815483341486948069e-08
1.811525077547606779e-08
1.807572865633030360e-08
1.803626714558442234e-08
1.799686633118398218e-08
1.795752630086845091e-08
1.791824714217182464e-08
1.787902894242321348e-08
1.783987178874746022e-08
1.780077576806571610e-08
1.776174096709604959e-08
1.772276747235404529e-08
1.768385537015335642e-08
1.764500474660635343e-08
1.760621568762465001e-08
1.756748827891974501e-08
1.752882260600355846e-08
1.749021875418902711e-08
1.745167680859069673e-08
1.741319685412528127e-08
1.737477897551223524e-08
1.733642325727436257e-08
1.729812978373831949e-08
1.725989863903525973e-08
1.722172990710133089e-08
1.718362367167829308e-08
1.714558001631404838e-08
1.710759902436321987e-08
1.706968077898770081e-08
1.703182536315721059e-08
1.699403285964985715e-08
1.695630335105268627e-08
1.691863691976222087e-08
1.688103364798504003e-08
1.684349361773828194e-08
1.680601691085023613e-08
1.676860360896085304e-08
1.673125379352230320e-08
1.669396754579950327e-08
1.665674494687066535e-08
1.661958607762782964e-08
1.658249101877740046e-08
1.654545985084066905e-08
1.650849265415435617e-08
1.647158950887113160e-08
1.643475049496013689e-08
1.639797569220754457e-08
1.636126518021702462e-08
1.632461903841030702e-08
1.628803734602769787e-08
1.625152018212857241e-08
1.621506762559193085e-08
1.617867975511685834e-08
1.614235664922310395e-08
1.610609838625153728e-08
1.606990504436467125e-08
1.603377670154718820e-08
1.599771343560641961e-08
1.596171532417286894e-08
1.592578244470070788e-08
1.588991487446827598e-08
1.585411269057857701e-08
1.581837596995977851e-08
1.578270478936570481e-08
1.574709922537633006e-08
1.571155935439827780e-08
1.567608525266530076e-08
1.564067699623879040e-08
1.560533466100822356e-08
1.557005832269168858e-08
1.553484805683634850e-08
1.549970393881893076e-08
1.546462604384619042e-08
1.542961444695542300e-08
1.539466922301490457e-08
1.535979044672438804e-08
1.532497819261558289e-08
1.529023253505260193e-08
1.525555354823245421e-08
1.522094130618551493e-08
1.518639588277597207e-08
1.515191735170231941e-08
1.511750578649779660e-08
1.508316126053086558e-08
1.504888384700567384e-08
1.501467361896250439e-08
1.498053064927824559e-08
1.494645501066683455e-08
1.491244677567971699e-08
1.487850601670631879e-08
1.484463280597445788e-08
1.481082721555084555e-08
1.477708931734148180e-08
1.474341918309215665e-08
1.470981688438886041e-08
1.467628249265822538e-08
1.464281607916799735e-08
1.460941771502745087e-08
1.457608747118785242e-08
1.454282541844287736e-08
1.450963162742904831e-08
1.447650616862619836e-08
1.444344911235787809e-08
1.441046052879178564e-08
1.437754048794022502e-08
1.434468905966050809e-08
1.431190631365540125e-08
1.427919231947355060e-08
1.424654714650988729e-08
1.421397086400608408e-08
1.418146354105096399e-08
1.414902524658090563e-08
1.411665604938028984e-08
1.408435601808189679e-08
1.405212522116734598e-08
1.401996372696748837e-08
1.398787160366283981e-08
1.395584891928397643e-08
1.392389574171196475e-08
1.389201213867876871e-08
1.386019817776763508e-08
1.382845392641354016e-08
1.379677945190357361e-08
1.376517482137733544e-08
1.373364010182736127e-08
1.370217536009951101e-08
1.367078066289336928e-08
1.363945607676265732e-08
1.360820166811561846e-08
1.357701750321542346e-08
1.354590364818056750e-08
1.351486016898524743e-08
1.348388713145978362e-08
1.345298460129098722e-08
1.342215264402256380e-08
1.339139132505550715e-08
1.336070070964846814e-08
1.333008086291816008e-08
1.329953184983974084e-08
1.326905373524718679e-08
1.323864658383369143e-08
1.320831046015203439e-08
1.317804542861497841e-08
1.314785155349561680e-08
1.311772889892779692e-08
1.308767752890645771e-08
1.305769750728802505e-08
1.302778889779077906e-08
1.299795176399524116e-08
1.296818616934452323e-08
1.293849217714471795e-08
1.290886985056525786e-08
1.287931925263929419e-08
1.284984044626404920e-08
1.282043349420119180e-08
1.279109845907721135e-08
1.276183540338375852e-08
1.273264438947803073e-08
1.270352547958312454e-08
1.267447873578837809e-08
1.264550422004976980e-08
1.261660199419024595e-08
1.258777211990007636e-08
1.255901465873723654e-08
1.253032967212772698e-08
1.250171722136595534e-08
1.247317736761507886e-08
1.244471017190735014e-08
1.241631569514447282e-08
1.238799399809794572e-08
1.235974514140942013e-08
1.233156918559103899e-08
1.230346619102577437e-08
1.227543621796779970e-08
1.224747932654279252e-08
1.221959557674832492e-08
1.219178502845415301e-08
1.216404774140259914e-08
1.213638377520886619e-08
1.210879318936138664e-08
1.208127604322215843e-08
1.205383239602707579e-08
1.202646230688626677e-08
1.199916583478442742e-08
1.197194303858115758e-08
1.194479397701127362e-08
1.191771870868517730e-08
1.189071729208914368e-08
1.186378978558567345e-08
1.183693624741380732e-08
1.181015673568947336e-08
1.178345130840578155e-08
1.175682002343338273e-08
1.173026293852075482e-08
1.170378011129455354e-08
1.167737159925991516e-08
1.165103745980080558e-08
1.162477775018029493e-08
1.159859252754090997e-08
1.157248184890493850e-08
1.154644577117475193e-08
1.152048435113311300e-08
1.149459764544348849e-08
1.146878571065037672e-08
1.144304860317960211e-08
1.141738637933863271e-08
1.139179909531689795e-08
1.136628680718609131e-08
1.134084957090046812e-08
1.131548744229717977e-08
1.129020047709654665e-08
1.126498873090239234e-08
1.123985225920232983e-08
1.121479111736807582e-08
1.118980536065574522e-08
1.116489504420615553e-08
1.114006022304512795e-08
1.111530095208379014e-08
1.109061728611886901e-08
1.106600927983298854e-08
1.104147698779497248e-08
1.101702046446013558e-08
1.099263976417058299e-08
1.096833494115549645e-08
1.094410604953143542e-08
1.091995314330262493e-08
1.089587627636124509e-08
1.087187550248772885e-08
1.084795087535105155e-08
1.082410244850900223e-08
1.080033027540848966e-08
1.077663440938583684e-08
1.075301490366703081e-08
1.072947181136804358e-08
1.070600518549511008e-08
1.068261507894498621e-08
1.065930154450526818e-08
1.063606463485464725e-08
1.061290440256319426e-08
1.058982090009265583e-08
1.056681417979670903e-08
1.054388429392125928e-08
1.052103129460470826e-08
1.049825523387823852e-08
1.047555616366606822e-08
1.045293413578575057e-08
1.043038920194843691e-08
1.040792141375914964e-08
1.038553082271704693e-08
1.036321748021571387e-08
1.034098143754341400e-08
1.031882274588336548e-08
1.029674145631401251e-08
1.027473761980928831e-08
1.025281128723888811e-08
1.023096250936853054e-08
1.020919133686022563e-08
1.018749782027253950e-08
1.016588201006085083e-08
1.014434395657763038e-08
1.012288371007269416e-08
1.010150132069344826e-08
1.008019683848518495e-08
1.005897031339131270e-08
1.003782179525362414e-08
1.001675133381256571e-08
9.995758978707474282e-09
9.974844779476856706e-09
9.954008785558619784e-09
9.933251046290349853e-09
9.912571610909557629e-09
9.891970528553924712e-09
9.871447848261566623e-09
9.851003618971282617e-09
9.830637889522798873e-09
9.810350708657038154e-09
9.790142125016343145e-09
9.770012187144752736e-09
9.749960943488220390e-09
9.729988442394895392e-09
9.710094732115346184e-09
9.690279860802808519e-09
9.670543876513441887e-09
9.650886827206561128e-09
9.631308760744887892e-09
9.611809724894795486e-09
9.592389767326547100e-09
9.573048935614534041e-09
9.553787277237520568e-09
9.534604839578892058e-09
9.515501669926876681e-09
9.496477815474803486e-09
9.477533323321324081e-09
9.458668240470657485e-09
9.439882613832826694e-09
9.421176490223890296e-09
9.402549916366193933e-09
9.384002938888577098e-09
9.365535604326624594e-09
